# This file may be used to create an environment using:
# $ conda create --name <env> --file <this file>
# platform: win-64
appdirs=1.4.4=pyh9f0ad1d_0
attrs=21.2.0=pyhd8ed1ab_0
automat=20.2.0=py_0
bcrypt=3.2.0=py37hcc03f2d_1
brotlipy=0.7.0=py37hcc03f2d_1003
ca-certificates=2021.10.8=h5b45459_0
certifi=2021.10.8=py37h03978a9_1
cffi=1.14.6=py37hd8e9650_1
charset-normalizer=2.0.12=pyhd8ed1ab_0
constantly=15.1.0=py_0
cryptography=35.0.0=py37h20c650d_0
cssselect=1.1.0=py_0
filelock=3.6.0=pyhd8ed1ab_0
h2=3.2.0=pypi_0
hpack=3.0.0=pypi_0
hyperframe=5.2.0=pypi_0
hyperlink=21.0.0=pyhd3deb0d_0
idna=3.1=pyhd3deb0d_0
incremental=21.3.0=pyhd8ed1ab_0
intel-openmp=2022.0.0=h57928b3_3663
itemadapter=0.4.0=pyhd8ed1ab_0
itemloaders=1.0.4=pyhd8ed1ab_0
jmespath=0.10.0=pyh9f0ad1d_0
libblas=3.9.0=13_win64_mkl
libcblas=3.9.0=13_win64_mkl
libiconv=1.16=he774522_0
liblapack=3.9.0=13_win64_mkl
libxml2=2.9.10=hf5bbc77_4
libxslt=1.1.33=h65864e5_2
libzlib=1.2.11=h8ffe710_1013
lxml=4.6.3=py37hd07aab1_0
mkl=2022.0.0=h0e2418a_796
numpy=1.21.5=py37h5fa1a60_0
openssl=1.1.1l=h8ffe710_0
pandas=1.3.4=py37h9386db6_1
parsel=1.6.0=py_0
pip=21.3=pyhd8ed1ab_0
priority=1.3.0=py37haa95532_0
protego=0.1.16=py_0
pyasn1=0.4.8=py_0
pyasn1-modules=0.2.7=py_0
pycparser=2.20=pyh9f0ad1d_2
pydispatcher=2.0.5=py_1
pyopenssl=21.0.0=pyhd8ed1ab_0
pysocks=1.7.1=py37h03978a9_4
python=3.7.10=h7840368_104_cpython
python-dateutil=2.8.2=pyhd8ed1ab_0
python_abi=3.7=2_cp37m
pytz=2021.3=pyhd8ed1ab_0
pywin32=301=py37hcc03f2d_0
queuelib=1.5.0=py37haa95532_0
requests=2.27.1=pyhd8ed1ab_0
requests-file=1.5.1=pyh9f0ad1d_0
scrapy=2.6.1=py37h03978a9_0
scrapy-proxies=0.4=pypi_0
scrapy-user-agents=0.1.1=pypi_0
scrapy-zyte-smartproxy=2.1.0=pypi_0
service_identity=18.1.0=py_0
setuptools=58.2.0=py37h03978a9_0
six=1.16.0=pyh6c4a22f_0
sqlite=3.36.0=h8ffe710_2
tbb=2021.5.0=h2d74725_0
tldextract=3.2.0=pyhd8ed1ab_0
twisted=21.7.0=py37hcc03f2d_0
twisted-iocpsupport=1.0.2=py37hcc03f2d_0
typing-extensions=3.10.0.2=hd8ed1ab_0
typing_extensions=3.10.0.2=pyha770c72_0
ua-parser=0.10.0=pypi_0
ucrt=10.0.20348.0=h57928b3_0
urllib3=1.26.8=pyhd8ed1ab_1
user-agents=2.2.0=pypi_0
vc=14.2=hb210afc_5
vs2015_runtime=14.29.30037=h902a5da_5
w3lib=1.22.0=pyh9f0ad1d_0
wheel=0.37.0=pyhd8ed1ab_1
win_inet_pton=1.1.0=py37h03978a9_3
zlib=1.2.11=h8ffe710_1013
zope.interface=5.4.0=py37hcc03f2d_0
